1666.96500778
1713.88316154
1707.52501488
1706.3369751
1717.99898148
1689.37492371
1690.55104256
1706.30097389
1748.85702133
1726.54294968
1716.9418335
1707.25011826
1686.33985519
1695.66988945
1698.47297668
1707.63397217
1681.37907982
1691.79391861
1696.29478455
1687.90411949
1675.80890656
1671.8890667
1670.60685158
1660.08400917
1659.50584412
1671.44203186
1657.98377991
1665.91501236
1666.14699364
1678.139925
1661.4420414
1670.70913315
1664.97302055
1668.44296455
1665.52805901
1659.04593468
1674.97801781
1673.1300354
1671.5490818
1663.15579414
1677.36697197
1671.00310326
1667.73080826
1666.55015945
1663.29598427
1703.77898216
1688.31396103
